          count
ZIP Code       
0             4
60601         1
60603         3
60604         1
60605         6
60607        83
60608       708
60609       718
60610        89
60611         7
60612       341
60613       147
60614       336
60615       171
60616       281
60617      1513
60618       620
60619      1129
60620      1210
60621       386
60622       452
60623       930
60624       612
60625       362
60626       294
60628      1355
60629      2151
60630       469
60631       230
60632      1053
60633       218
60634      1085
60636       523
60637       415
60638      1474
60639       945
60640       224
60641       779
60642       114
60643       947
60644       582
60645       197
60646       247
60647       627
60649       494
60651      1143
60652       707
60653       215
60654        32
60655       281
60656       211
60657       206
60659       217
60660       118
60661         1
60707       175
60827        26
