          count
ZIP CODE       
0             4
60601         4
60602         1
60603         1
60604         2
60605        39
60606         6
60607        77
60608       867
60609      3215
60610        63
60611        11
60612      1301
60613        83
60614       187
60615       400
60616       182
60617      4289
60618       685
60619      3803
60620      3903
60621      4355
60622       422
60623      2377
60624      3069
60625       284
60626        72
60627         1
60628      6121
60629      2296
...         ...
60631        78
60632      1181
60633       163
60634       516
60635         1
60636      6292
60637      2187
60638       375
60639       928
60640       163
60641       438
60642       104
60643      1638
60644      2180
60645       106
60646       100
60647       865
60649      1488
60651      2419
60652       495
60653       693
60654        19
60655       173
60656        87
60657       151
60659       130
60660       105
60661        15
60707       145
60827       160

[61 rows x 1 columns]
