                                   count
DATE SERVICE REQUEST WAS RECEIVED       
2008                                  34
2009                                 436
2010                                6198
2011                               15395
2012                               11984
2013                                8370
2014                                5451
2015                                5314
2016                                4435
2017                                3666
2018                                 829
