          count
ZIP CODE       
0             1
60607         4
60608        42
60609       191
60610         2
60611         1
60612        52
60614         5
60615        16
60616         4
60617       285
60618        18
60619       316
60620       315
60621       305
60622        13
60623       132
60624       146
60625         9
60626         3
60628       461
60629        81
60630         5
60631         1
60632        41
60633        18
60634        22
60636       380
60637       144
60638        15
60639        36
60640         3
60641        11
60642         5
60643       151
60644        84
60645         4
60646         3
60647        24
60649        90
60651       105
60652        14
60653        38
60654         1
60655         2
60656         4
60657         5
60659         2
60660         4
60661         2
60707         7
60827        13
