                count
Creation Date        
1926               37
1927               16
1930                4
1932               22
1942                4
1944               24
1954               26
2001                2
2004                3
2005                1
2006                2
2007                2
2008                3
2009                4
2010             2011
2011           155019
2012           134529
2013           153669
2014           136595
2015           126310
2016           120461
2017           112779
2018            31890
