           count
ZIP Code        
0            179
60601       4998
60602       1388
60603       1088
60604        834
60605       5904
60606       2603
60607       8407
60608      84111
60609      45374
60610       4832
60611       3771
60612      13449
60613      19183
60614      20641
60615       1760
60616      12072
60617      21033
60618      71734
60619       1595
60620       2498
60621       1936
60622      42085
60623      56920
60624       3274
60625      41300
60626      11861
60627          1
60628       3111
60629      54501
...          ...
60632     106400
60633       1675
60634      17837
60635          5
60636       3845
60637       1979
60638      10496
60639      43322
60640      17654
60641      35929
60642      13973
60643       1047
60644       3487
60645       9106
60646       1732
60647      77349
60649       1647
60651       8976
60652       9228
60653       1180
60654       5371
60655       1027
60656       1108
60657      17795
60659      12896
60660       8656
60661       2055
60666         28
60707       2627
60827         68

[62 rows x 1 columns]
