          count
ZIP Code       
0            20
60601       807
60602       193
60603       152
60604        92
60605       795
60606       431
60607      1184
60608      9779
60609      5800
60610       531
60611       675
60612      1950
60613      2657
60614      3140
60615       203
60616      1459
60617      1589
60618      8858
60619       112
60620       416
60621       200
60622      6160
60623      5380
60624       311
60625      5228
60626      1278
60628       351
60629      5720
60630      1604
...         ...
60632     11225
60633       107
60634      1665
60635         2
60636       510
60637       175
60638       688
60639      3132
60640      2463
60641      3041
60642      1579
60643        85
60644       367
60645       944
60646       177
60647      9581
60649        96
60651      1260
60652      1389
60653       197
60654       721
60655       149
60656        84
60657      3099
60659      1011
60660      1155
60661       335
60666         4
60707       345
60827         4

[61 rows x 1 columns]
